194828000 225566008
44808001
83521008
53741008
56265001
194828000 225566008
16331000
53741008
83521008
44808001
44808001
44808001
194828000 225566008
194828000 225566008
44808001
194828000 225566008
83521008
42343007
194828000 225566008
56265001
21522001
83521008
53741008
56265001
16331000
194828000 225566008
53741008
42343007
194828000 225566008
44808001
83521008
83521008
53741008
83521008
56265001
56265001
42343007
16331000
16331000
21522001
44808001
194828000 225566008
44808001
53741008
43339004
